12122
6063
28775
24731
26310
9851
14211
26366
13852
9748
27526
27824
14597
8197
6244
7798
25926
2490
28124
12714
13877
27570
25641
5088
2548
25610
12004
24451
11865
27681
6029
2578
4630
810
26010
9506
4532
24404
26742
6875
3511
13552
3830
28288
26232
7674
25354
12617
2074
13464
9583
8154
27815
28364
6133
9956
14860
26118
25624
870
5210
8183
24839
2070
14402
13778
25900
6115
28764
25158
774
14741
7284
25392
25079
24893
11524
9021
2392
7292
27013
4302
12677
1979
4692
14691
8905
12316
14151
4484
5251
12105
11998
11821
9446
6559
26692
3125
14968
7277
24556
24719
24594
13038
13133
26753
1990
24870
14809
25059
24547
13137
26479
5343
27879
7348
24554
26996
27781
9112
11751
6748
24545
11489
26710
964
2662
13281
13400
27160
27862
11384
28578
26662
6245
11898
12007
24604
1618
28372
12029
2554
4480
27532
27189
14712
4107
26422
6005
5520
25293
14620
10082
14190
24735
28615
24683
12414
4081
26057
27126
9887
7885
27265
27223
24492
5305
4745
12305
26783
25654
5488
3196
783
25495
8839
9629
6992
1747
3335
1720
26123
8362
26756
13009
28138
12812
6586
7344
13886
11543
7999
7871
7752
25998
3169
27453
1621
627
3332
27436
2122
1852
9484
25461
25861
13685
7927
24569
12504
7356
28493
28245
24830
26498
7404
26591
28371
12905
28002
26587
1470
26564
27972
28246
12547
3801
28521
26
27770
9840
24914
27025
26165
9616
24516
4538
9597
5155
25325
5276
8793
12634
2579
4737
24414
24656
9071
9973
11908
7828
26192
8474
4095
14904
3571
14761
6080
6390
14205
24993
4637
7382
3934
2562
26520
26384
2594
13310
8238
12016
27963
12775
2198
8458
24915
5300
4120
12490
7114
3172
26619
12275
24344
11649
28840
9180
9429
25386
2379
24308
12499
9870
25009
2285
5978
26630
9242
25092
12095
14754
26547
5332
24618
24787
6720
27930
586
28000
8521
7294
3932
26991
25255
11146
13353
24943
27373
27164
26877
24506
28844
3513
13762
27361
4108
14273
3379
4765
6314
6265
13298
24918
11683
12639
12965
25931
14400
5380
26717
11448
26726
26394
27765
25306
11977
5538
26850
7077
27790
1603
6887
1616
13039
690
25072
3573
26407
28280
31
12101
4483
11265
27746
4030
26088
27803
5351
7363
6107
5052
14410
28286
12249
24912
25175
13427
6028
27518
8922
26839
5429
6624
5195
6023
24345
12402
26791
6405
26755
3345
27094
1862
28342
8202
801
5102
25758
7205
25936
9230
27216
27108
12840
12938
25129
4736
490
26602
27720
13272
27857
28508
28043
26725
2210
13705
14591
479
25735
28711
3708
13748
3765
27446
25087
28400
8830
25467
28077
25231
593
27623
14346
25518
7923
28533
27995
26913
3266
11290
27499
11450
3327
11140
11514
9202
26342
25503
12488
5385
27569
26697
13507
25941
9474
9727
4232
24453
2551
24503
25281
9142
28520
4519
28686
12698
14331
11621
28046
4516
9682
121
27260
24911
28699
5428
13716
2196
11748
9164
25458
4619
499
24266
13002
27524
25412
11836
4042
25555
1978
26004
14964
28226
13449
11366
25514
623
25120
26879
12421
5117
26320
28275
24682
1817
27182
2580
13006
197
2653
1887
1840
12315
25879
28557
5901
9625
7373
27004
11542
25131
27591
25166
27010
25756
6051
11984
4625
9926
27295
27869
12208
28334
28554
25921
13004
6170
4620
6348
5161
8838
5237
25416
10012
27823
11756
28287
3719
14708
12776
28714
13529
2404
24855
6669
7107
4475
11394
8090
27008
9286
13636
24442
13168
14188
26866
736
4735
26437
24910
6010
9128
12635
27773
14094
27360
14184
6246
10080
8163
26977
13737
9987
5093
9614
25373
26044
230
14227
9272
27839
28784
27531
7552
27315
13311
25201
24853
24476
667
27451
14868
14609
3240
27541
14353
24986
25982
9080
8471
3472
3814
2394
12565
26724
5162
7978
12772
7108
7179
11736
6413
24725
6180
3809
11347
25365
27515
25910
25115
12754
24270
7531
6421
24339
3115
4244
7784
25411
27170
24257
12248
25745
14350
24717
24864
24904
3781
9111
3515
4666
2374
6336
25971
11889
24768
4239
9511
579
27195
26610
13753
13278
28260
26018
6725
7080
24791
6932
27890
26508
25589
7311
9139
28548
6871
2631
25626
9072
11709
12928
24850
9107
466
12730
2435
7721
6258
9158
4645
25334
12124
2632
25979
14791
28053
9363
8078
178
26760
11840
12518
6675
4121
24901
9902
26162
7280
5470
26898
9782
6147
28061
26169
5456
9869
26649
25471
25029
10014
26225
25414
13490
25884
4677
14918
13462
13205
7581
24722
25801
24555
6197
9245
13531
5304
7502
25629
24838
3239
26114
2155
11924
451
6645
542
1967
11763
26578
14950
26006
25918
12949
13756
14362
13650
27186
6968
25439
9751
26222
6038
26614
24399
12332
4111
4647
24611
1901
26645
25053
26911
4138
6916
5434
6892
13344
28348
628
7617
28698
3352
11397
28814
27616
25404
12117
13175
4651
27787
3480
27272
13773
7326
4552
24745
26345
1723
28846
26644
5312
770
7659
25820
26481
5412
12027
24549
26658
27230
26104
8821
1820
3948
27142
27749
2009
11346
11619
13869
11521
11361
25815
4566
649
1716
1831
5917
3622
25781
24690
27374
9110
8999
1346
7162
13736
14910
789
11707
26180
13813
11816
2175
5992
28193
28011
11966
27961
8456
25650
7850
12711
27441
11539
13791
6584
7015
12120
3715
25974
11930
24244
26217
9827
11807
9483
12032
8973
26014
4575
28188
11310
24883
9555
12822
8796
8192
26944
26714
1597
160
5362
4541
13918
26383
3512
12450
24614
6108
27065
5475
8769
6183
9885
24282
4529
12587
28641
12762
24971
8223
28349
2253
1822
24697
27507
12075
11773
11855
13069
7886
25748
2033
28378
7094
9586
11512
14223
26937
27071
27299
27622
7453
28725
12867
3425
1598
4254
13471
27870
473
1591
6580
27537
28680
27233
28085
14967
25221
6484
13148
28783
12637
7172
11896
26803
14832
26517
3487
2529
2021
28120
26216
8940
8986
7949
27133
9619
14921
8428
5174
13528
2191
5564
26626
28254
12272
27950
12946
13098
13091
1985
27514
26223
28550
7567
9815
1721
26269
12443
26335
13870
14622
5521
4617
477
27312
9813
26315
24416
8446
13793
5182
27864
6075
6113
3228
10129
5349
11883
24869
1945
28079
7591
5153
12187
9167
9187
6404
9927
13803
4147
28611
25967
190
26988
206
6393
28418
4791
27365
5320
11153
27204
25887
6337
13183
2190
11932
28820
27064
14369
27060
27818
9670
27264
4086
26346
8244
28737
24552
26736
26637
14871
26020
14802
9042
754
28088
8432
12947
6695
24892
27348
6372
3510
12295
1965
4288
25535
11725
26706
13319
26281
12611
11859
2409
1847
28693
24788
8447
435
25021
630
27273
5211
8389
27875
26519
27306
24667
26531
5932
24297
28072
679
27113
13349
28440
6689
14795
12763
12615
28444
6389
25873
13416
28770
8107
27322
12221
28059
11943
9998
28855
24792
5159
13479
3783
7232
28122
5152
24321
28851
26379
13140
24707
11653
24702
2170
27674
24924
24638
26419
14724
11510
440
3142
25329
25437
5448
28543
14820
11184
7841
4650
8467
1622
14453
5143
27888
4782
25693
8175
4133
11503
4523
14272
3433
6934
12519
5262
27583
28733
962
2850
5476
13119
14377
666
25761
27017
10121
8106
7207
9211
27511
14900
5148
24781
2025
7748
3136
5383
26052
6288
4100
24795
13810
25779
800
28553
14405
26167
1984
13850
24420
28201
1971
28609
6838
12261
28358
26347
6281
26689
7254
7051
5528
28010
3784
581
1643
14536
1498
28140
28696
7411
24557
25323
6745
4773
3160
12210
14905
7754
9196
7632
12937
25421
12576
12206
6272
4466
9296
11612
24970
6218
5884
10096
14810
25534
6776
8917
27523
5357
8977
26108
26393
1993
5426
12983
12568
4733
14395
26250
25046
4740
7693
14912
26631
8797
24377
26748
5331
28749
11517
11958
7529
8984
8863
26055
9073
28850
12144
3665
4494
1963
14894
6016
9980
26854
4573
14601
24324
2071
5367
1661
2004
703
11272
24824
4194
27577
13088
2114
24262
14360
13789
24660
6534
27766
639
12956
24250
5963
28597
13858
27320
13472
9163
7374
13431
12230
1677
25024
13381
24854
24982
8919
26484
11185
13330
1665
8246
24709
710
4447
14876
2596
26570
4145
26473
7417
26435
14474
28437
11352
485
13062
6373
27840
26193
13042
2052
27074
27868
3435
14624
9785
26551
11688
2647
25787
14366
9105
2125
25475
7615
9895
27871
13594
5393
620
4510
26974
24253
13935
26249
2534
32
9399
24968
11669
196
28211
3226
13758
13373
10126
24948
4155
6920
26488
13501
491
3500
26243
28033
14835
12111
8996
25869
137
8590
6424
6719
1347
24242
8974
5044
2029
794
5984
12324
5531
12659
1758
12271
8799
3490
27393
3324
24998
985
13236
25791
6829
9421
12891
26816
11781
6809
5427
6321
12091
12492
12056
28292
4576
12746
9906
26867
14768
5100
6307
8129
27068
26936
24511
8079
28351
5240
27506
11484
4207
13084
26574
5218
6606
1906
11340
27854
12350
26568
12313
2717
4295
24837
14592
550
9449
8255
1636
13871
6340
27344
11964
10036
26478
13890
13719
12251
6189
26609
6242
1600
2628
13022
25572
24379
28116
25637
28561
27051
28070
26178
26462
28031
1893
3117
12255
27419
5290
12826
26461
26054
9015
25350
6662
6415
25819
7397
27281
27286
26029
6289
9135
11398
9369
25377
2635
26101
13837
11388
1350
11453
10089
12925
11367
7477
2396
7182
26720
2321
11693
3610
5460
9036
26820
28536
13757
9845
26828
26181
7283
4756
25454
8846
26448
2566
25674
2584
25842
26940
12213
24674
4644
27384
24310
14356
760
1349
7635
7370
25893
6343
26087
6808
11529
25675
13423
27775
398
25448
9063
2022
6211
6206
24821
13860
3528
3144
7346
5265
27612
11186
2262
5308
25809
9100
27745
3910
8137
26032
5131
8806
8907
26368
27118
7899
9065
5746
11880
25576
7320
26603
28782
734
9618
25766
26399
6049
723
27061
27277
25546
25696
13465
25178
6299
6159
6171
27579
14451
1726
8798
3427
5137
436
25289
1301
9396
1930
2329
12335
28731
28667
5081
11596
27908
24680
38
5439
2194
8406
28184
11332
9082
25593
2080
27858
1709
6057
11864
7390
24759
2013
4126
28034
24947
27988
1593
5358
11769
13595
26137
28423
4729
13176
25859
26951
1800
2783
25938
13020
14193
28821
5569
6495
11171
25265
147
14856
8363
12269
8278
4770
24658
8348
6296
25613
4177
27081
28299
9113
28200
9854
5443
13491
25747
28607
9981
27056
5375
14646
9986
28677
12181
4075
14855
25792
6896
5057
13836
8057
7546
26558
9806
26204
26499
2200
387
9947
24863
26355
26618
4793
2069
14531
517
3952
3813
9398
3231
27280
189
28393
26299
9846
5229
25812
9971
12037
13846
26127
24277
3434
5925
26324
14633
12473
27037
12471
7099
25252
27469
11533
12448
25126
27903
12843
1655
26164
28593
26090
12180
28232
24302
24659
730
25332
28669
9808
13044
5033
12382
24405
27222
27632
1761
641
6531
12175
26676
14169
24467
25789
1423
1700
12926
25880
4117
7920
2586
427
26744
25769
28632
25847
24964
13048
12337
24671
27198
13609
5140
5417
24822
6888
27287
11956
12715
462
4705
28384
9203
26782
12217
12130
7383
27099
27956
14099
28750
25627
11479
8188
25311
25833
11752
1949
26916
5150
14108
12972
27063
6325
24309
28354
14095
5175
25466
28003
24558
12010
12267
25149
2742
11986
14753
26833
12470
13043
9883
13447
11345
24354
28407
28396
26103
7916
27184
9291
5227
27881
5536
2530
505
11643
24272
12736
609
28848
27407
13678
28647
6902
8515
12052
26100
12632
12253
9377
6202
25145
8892
24335
26152
26933
25194
2547
9546
7236
2383
13327
658
9109
9790
4222
28623
26849
24271
25928
13213
7117
24606
24433
603
26381
12263
8416
6301
14324
24365
2082
3616
9503
27717
28397
26306
12997
25962
396
24644
27979
7216
28104
26312
11537
24449
5239
25506
26302
4521
27946
24234
2413
7036
9162
13142
24748
13847
12774
14928
5606
875
7701
6922
9191
5391
25307
5461
847
1456
8433
25288
7785
13212
1912
27351
2299
5323
27976
11734
5272
12584
12420
1769
4497
4570
26643
25857
14793
6248
25192
1941
12904
9031
12189
25775
6602
27474
28412
1792
12980
25667
25309
6569
13433
1975
25186
26474
28565
27648
5455
28613
28813
26470
10065
26254
2626
174
8256
2643
68
26356
13261
12707
6530
246
2646
13426
14720
13178
26990
24851
11303
12023
24988
27290
12895
3241
5902
11886
12451
26584
8495
13332
11545
13075
177
26321
1351
25034
12301
24238
25903
3124
12078
8837
26134
27724
7633
1388
13180
28060
24341
26589
27387
12704
25385
24356
25314
27132
11722
14684
8982
2389
2633
1936
27493
6048
25533
24929
12719
26846
6118
13593
2615
3523
8800
12157
3503
27902
24953
6379
14599
3090
27343
8990
28497
9409
842
9194
27897
6872
26750
26091
1599
24790
24880
26963
11846
27731
6324
26093
4708
12567
5891
26102
11333
24895
9910
25234
437
11952
14209
5892
6604
24743
27298
14942
27423
13335
13622
25112
26502
14443
14951
11330
26305
6376
27975
11739
24798
9890
5451
26344
5445
7501
8877
8924
14956
53
9944
4730
7416
5987
1787
4463
25333
25239
10077
4761
26767
5542
27762
7550
5410
2118
28450
28753
3255
5317
13047
27601
5728
28339
28385
9103
25619
25336
11815
4525
13154
716
9140
13690
3908
7844
5041
14403
14847
28542
11608
7372
3248
11360
1989
9741
24744
12205
12373
7760
24876
8901
25799
27439
12416
9903
25204
9185
11583
24436
26362
12781
26343
14229
26815
4662
12329
3560
11518
11697
12712
6884
25261
9219
12498
13743
8884
11834
464
1440
9990
27576
27263
2479
27139
1740
6295
24899
14376
25125
4419
4792
13856
27655
28257
24564
5365
1443
701
27399
27874
12188
11300
4505
3245
9144
24650
7960
11363
8441
9174
28128
24386
25409
24728
9777
4631
12955
5089
25577
4749
26701
14244
10123
14533
27248
5270
13775
12695
9866
11767
12818
11145
25516
28036
28145
25050
6490
9323
9681
14389
647
5454
14850
28106
26301
6674
27602
8100
6135
25008
25908
27200
1710
26548
773
9444
745
24560
11368
3808
14870
26623
26678
763
14915
9937
7476
25882
25850
27110
6084
14214
11720
14769
27448
3695
5096
1832
5415
9161
14656
27529
7783
4714
12022
28230
698
12063
12879
25090
7498
8955
5030
12580
5494
26934
2436
3820
9862
27627
28204
3139
28186
25816
12608
6163
5447
26452
7523
26423
26768
6060
24860
3782
12460
25026
25184
11663
1386
9700
12147
11149
11597
28100
7088
26953
3339
9923
28589
27454
8813
27563
7145
24672
13376
399
26441
7513
9327
13329
5085
9130
27331
8189
13223
7379
25459
8785
28092
3108
25010
8809
12160
26682
27042
510
13380
1684
6987
27851
11598
12033
9767
6369
163
27341
7419
14663
1841
14692
2480
11673
14212
7957
4771
5888
26244
12633
9257
27624
14441
6954
11933
26656
12684
28544
28834
25376
7588
13926
4144
1823
26681
13671
9217
8978
3148
28527
161
28259
6031
9821
25422
3389
9197
7631
26157
3618
4137
6572
12005
13599
8455
28101
13612
9121
5524
26039
1713
11623
26251
28065
11301
12323
24510
9694
11476
4071
25136
9420
1955
8108
2537
1917
26829
9674
27912
28675
28159
9478
12234
4675
27978
27249
3413
6192
27148
6153
12679
1666
8935
25972
27347
13424
4646
8037
27442
9178
25410
11315
6345
3486
6209
7958
13876
25501
25990
506
24960
3497
5193
11409
13340
28434
24894
12102
27033
13512
8010
816
2804
13366
5462
28653
5194
787
618
6338
6142
7034
14641
24634
25027
25015
8915
28220
27106
471
4435
11753
12285
2129
25669
9213
4563
14786
11832
12406
8111
28152
27285
27921
3823
4485
9231
7613
12171
25449
3123
25805
11320
27502
13359
9205
24415
6357
4420
13565
28158
24987
26388
26868
26764
25757
13524
27883
1962
614
7152
2572
24996
14632
12073
1988
9918
24304
27014
3193
12044
13840
1843
13115
12512
8959
27095
26528
14189
9284
4474
9590
14539
28236
556
8824
24930
28327
26691
11791
3507
7301
2666
5433
14881
24307
25456
28639
12360
3208
1702
9416
8987
3140
9056
26013
8898
10062
11227
5739
27727
28263
8019
12336
12119
7713
1953
9823
11771
11515
28165
8882
9495
2156
5058
5414
2024
7399
27752
25139
4136
978
8251
428
25653
28659
27067
11945
12825
4045
9064
6339
2567
25077
401
25190
26417
13265
5241
3902
9046
11487
5366
24742
13190
6161
24396
1337
8783
12413
3395
26810
27359
3723
10104
26827
11766
631
5900
12586
4711
25726
2748
2284
5981
8048
2591
4723
28461
12108
14681
28410
12146
28024
4115
12675
498
7929
12196
9045
25969
9791
6770
25432
24586
3938
8346
28726
26212
27768
14101
25616
5411
6059
13351
13621
24447
28781
26597
11474
2000
14893
12561
24932
12616
24363
24397
2172
28833
25403
6571
14938
1689
6659
12599
26187
11370
565
28103
24723
13172
12286
7819
28175
14765
24942
11904
5060
11355
24232
6766
11507
11960
11905
11798
9332
12971
1499
9969
25925
26812
2853
27521
26789
24579
11906
6364
13539
9985
5228
8780
26786
404
1663
25213
12571
808
5338
13067
12861
26758
28395
27300
5261
6004
6407
4172
12908
9114
28498
12848
4585
1913
25844
9061
8140
2395
28695
4470
12475
7388
11526
7494
5091
27444
9786
677
6033
13653
11715
26965
25259
9155
25043
1715
9561
12692
26667
28080
8889
27737
12824
7592
25313
7131
26317
14706
11455
27394
25393
979
26586
9407
11778
26007
1780
11436
27100
26429
12038
27059
7673
27458
2149
13403
25631
9299
26941
14538
4531
1481
9460
12306
14277
4220
5441
26023
14226
28087
4458
3329
25668
8225
3262
11530
28050
624
24252
4236
12107
12817
10004
8512
27220
25617
27021
13225
27559
9893
2030
24769
26174
2140
9603
2781
26935
9345
2608
24921
2325
8233
27644
24293
12145
25643
28829
28524
1757
2623
25117
25660
12756
13193
13389
689
5889
25621
2002
7918
28601
9871
4738
28665
12359
898
9244
28628
202
14643
24774
605
1830
27501
1933
6810
24801
13383
9032
3905
11775
6496
11817
14207
28390
12093
24740
12260
28488
9852
484
7369
9022
4450
11263
2146
26426
4233
12823
13297
27633
4763
12666
2137
8023
5164
8056
12901
26011
14939
26657
28252
1884
9803
13303
8927
6422
25398
25826
13604
26105
4780
2442
24874
7817
7913
11701
5053
28194
27251
12270
25524
24979
14903
9772
11276
1435
4208
27695
26008
5572
26533
2767
5098
8073
28668
9606
28215
1658
13811
25134
5541
6334
6160
11465
28483
561
13041
27867
27328
2119
7310
27440
7756
11975
11912
28687
8998
26728
11719
12897
9050
25965
4786
27225
24806
3980
3514
27443
3727
26203
26541
1341
24298
26494
14584
9543
11456
14874
6191
11306
434
26665
3707
5198
28761
1385
6269
9505
10098
7702
9147
8345
741
24229
4648
25773
6516
26150
27953
611
807
26500
14685
9849
27977
9027
8948
9615
2638
24738
24500
25753
25870
1686
2038
5894
26418
12018
5212
27219
5512
27012
27221
28599
8795
27710
1786
13406
9636
12014
7050
8980
28066
24543
2011
26449
14775
11754
27691
4454
28144
26929
25169
2213
5453
26082
24548
4055
12582
11941
900
12625
26754
1297
28330
11298
11141
13712
6212
12317
27321
636
9789
25550
7580
28216
9126
25064
6462
26194
27227
8900
24530
4615
700
1745
27243
9442
2821
5489
26000
26402
9300
5395
13295
26663
4508
27673
6148
9212
24763
26327
27838
9288
1390
24274
6320
7985
7969
9165
2154
12931
13341
2556
8857
28102
384
5432
25303
14654
7032
26773
4221
9916
4582
3205
28219
2543
7827
6156
26504
12229
13564
26704
14550
26798
27872
26592
5452
27007
9685
26175
13155
12072
1625
14097
6176
8065
5527
2407
12282
13824
25068
14764
5336
7327
26084
27788
27782
9761
13883
833
24705
25853
26331
7842
11309
11402
3428
12140
6166
28408
4490
12798
25977
14444
1876
24797
567
25269
2015
7403
5502
26107
24810
24909
26893
6213
12951
8960
25382
28691
26041
9169
9832
13589
24
6754
7368
5142
25570
27603
3350
26387
792
9093
13848
4554
6938
12981
8102
11655
9945
8899
4148
14714
5176
24985
25124
425
13082
5177
27088
7124
28148
8965
13263
1339
26456
4628
9886
6238
27842
14619
13123
24428
27284
8198
409
26332
24346
874
8862
27719
28465
12365
28491
27584
28084
12933
11578
11547
12223
5610
27131
8763
2180
14634
14238
4280
13774
27547
27684
26161
24400
195
11790
24280
5504
6910
14972
5101
6011
27238
7101
14901
6912
6780
28115
14671
5723
12161
12526
12729
3166
24967
5939
12598
11439
12214
25800
3114
14952
654
14635
6092
12810
9888
4124
6383
11916
13050
5154
25417
11334
24423
10010
11376
8410
9805
4783
1868
3432
3471
7790
2464
24295
13415
4261
27892
6351
11234
14957
9329
11627
13711
6732
24533
24495
1940
9481
9129
28580
6493
11307
27047
14630
26686
12040
13188
3318
9287
26160
3488
26928
12734
26158
11806
3916
27730
2550
25502
12589
3606
11458
4238
26989
1389
24884
13003
7208
25116
1915
776
1946
9666
26634
9170
12716
26670
7011
24419
9234
2854
28332
5484
14409
748
4794
28738
11718
26679
6600
9133
6661
3519
27520
24865
12747
3942
25599
8972
10094
2587
12446
7286
28321
5324
24691
546
25207
7176
11957
13863
24496
7921
9249
26696
28704
26048
3174
8347
12053
12804
8339
28625
7159
27625
25260
28091
8949
599
12167
4536
14382
24635
25174
26698
9054
24331
9401
10027
27931
4638
662
210
25013
8833
26198
7147
25623
6105
26191
4611
2603
11353
253
27527
28112
13865
5993
1466
27974
25123
26581
25737
8854
6822
27076
24925
4629
24746
179
1664
746
28098
25512
24315
5516
26514
24432
12483
11294
28134
5481
24698
7964
27769
5120
28807
25834
5119
5523
2174
7931
13652
10029
6469
5199
24351
6347
20
8818
25182
5422
3250
12392
6821
6141
12131
11391
9311
26080
13420
26763
9631
9863
9720
28004
11660
6233
12551
7225
25513
6298
11349
27671
26434
26555
9522
12021
12240
5258
235
25897
4537
27425
3421
14766
11268
24285
5719
2593
4522
25413
9000
24890
28273
988
28223
9414
11881
5381
8827
5170
26959
5897
3520
26836
27117
6564
25984
28583
28588
3531
26967
4616
24501
24902
24311
6378
4789
28427
13413
11848
14922
12427
13867
9278
27296
26938
11383
9459
9228
26111
25209
12424
7956
25612
2423
13184
27206
25078
28370
25343
9968
12993
27467
625
12620
8931
26861
26534
12459
13151
2177
6144
8007
25952
4579
12222
2558
25500
27805
13331
11154
9688
24686
27246
26639
26778
7183
12050
2324
5539
11971
8141
9733
27239
12203
9992
12849
7267
11666
26465
24598
9738
26380
8476
6466
24670
2229
7589
5907
10001
27036
9605
3574
25095
13475
3247
13755
5263
11973
514
26509
28095
14368
8253
27959
27354
28049
4546
12449
14378
27104
2654
28854
3911
7518
27452
13031
423
27101
6151
24357
3502
14530
28810
1660
3110
25790
12011
12441
2186
6685
26523
8167
24231
5885
9314
24817
25584
1650
5266
2179
12688
11278
26460
12274
6691
2108
25697
13520
26140
558
28736
12987
24485
9708
24886
9925
24491
28838
26984
27155
14401
4440
7753
26296
27949
12411
27821
13313
25496
26915
25361
3473
2
2621
26721
24889
441
14522
27307
13514
8353
8883
11868
9538
8230
27809
27314
6342
4762
14844
9951
9435
6136
26507
8802
9381
2599
12400
13103
714
27181
236
5905
4774
13448
9018
3692
7722
194
2171
3706
13288
26561
14807
26415
12410
11467
24664
9924
27242
7940
27229
1763
8196
26675
27952
1451
26146
5966
26153
28530
9374
2601
4114
4242
2192
4488
4567
722
25019
6323
9160
27843
27046
3387
8981
3093
25152
12311
27634
12685
27812
5043
26855
8956
9725
58
12557
6264
7717
9999
28057
28268
24291
4540
9417
2437
26298
8021
12371
3483
13779
12190
12862
12241
25488
4757
7367
6365
4314
28656
27105
10103
11968
26068
758
9177
26059
25719
9026
9564
26022
6489
25999
25433
14848
25397
26895
6064
12458
2620
9461
13888
28445
28630
2305
24563
28540
12717
6936
12910
10128
12559
13435
6214
4118
14394
11681
14902
14907
27810
12195
5292
25609
26896
12974
6352
12209
25618
6287
25394
28169
28041
12710
486
8853
25356
4557
7520
8871
3328
2764
5372
7725
11317
11695
28411
24807
7572
25000
547
12699
14747
28504
12924
27736
4445
28001
2398
14954
4180
28308
26109
9137
13338
1793
25912
28604
719
772
27194
24336
9773
12133
26420
2820
516
7595
6128
7349
24246
28776
12077
7052
3099
9270
3467
13214
8068
11274
9602
9519
9817
27571
2399
3129
4486
24426
24627
13308
4438
7604
9613
4110
845
12158
13849
51
7391
14721
25545
9395
28329
5172
7276
11469
27376
9684
9591
3518
7764
8092
28759
26824
13417
26640
9938
27045
11374
24240
25159
12361
26112
27756
5418
5370
28307
13195
27936
2043
28558
8759
24963
13360
24524
6427
11997
25368
5169
26583
12380
5083
7579
6555
27789
11308
27043
27535
24596
25276
12967
1741
27087
500
27386
2405
28380
25875
9372
27613
12358
224
9984
25689
9423
5369
5895
3517
3613
7142
13642
27278
28701
24383
6239
6015
9835
26172
28006
24940
1894
28598
7998
132
3128
12238
14750
4627
26043
28845
13023
12129
13045
28710
25677
11895
12505
4035
24706
28247
4257
6596
28661
24802
13851
6058
12035
11813
14723
3909
3369
26878
10087
13345
9874
26210
3705
8497
24254
4428
13299
7746
6254
4670
26401
4069
27457
5368
28301
2747
6588
27031
25122
27983
9707
25324
11457
26573
8808
9853
14746
7624
8489
3420
11486
5059
164
11862
13744
12242
25754
24581
27675
8398
11949
10122
5280
9889
28150
28517
9379
4130
4122
2545
26078
642
12148
1773
25457
6106
1604
11996
6522
28720
4067
12431
24714
13174
24318
11286
9997
111
27734
11633
25848
9348
24260
27960
6219
12125
25881
13919
14418
28481
27889
6717
26144
5045
2060
4503
1673
12080
12388
9702
9675
123
25262
11606
28852
13874
48
3704
14552
25245
26218
12277
26575
6232
6277
24595
6921
13181
26998
6558
7705
9747
963
25420
5135
8897
5124
2130
24951
4246
8826
25709
24431
9053
11403
27147
2085
12327
5157
8866
14797
1775
24508
27289
9076
7046
7190
762
11442
2847
5923
25106
12452
6077
9587
24301
4052
26188
28414
4580
26772
26353
3334
7472
7601
1838
4649
28581
238
2075
12853
3235
4421
7409
28274
27642
26293
12254
26017
26622
27210
8209
27353
5250
26797
7122
1875
2201
14604
14824
2178
27030
5949
8445
25219
2018
25203
28832
24934
27940
3316
13201
7033
13259
13141
5334
8934
8105
9532
4446
27980
12466
4119
13010
25794
12752
9704
2169
5316
28086
1701
3437
2231
5526
6791
24629
4640
7096
27011
11983
3725
9432
8869
4186
13055
11849
27692
5214
27435
24259
4636
2054
13162
28015
12668
25299
7288
11292
7085
6220
12880
24287
5423
4716
2173
1755
24562
28014
5394
13884
14859
13667
5202
26886
6895
4275
9159
1829
26680
11350
27697
8817
12025
469
5348
14
2115
26117
6396
28700
27191
26228
6467
2066
8469
8380
7745
11878
28126
9306
28676
6377
27992
27357
25485
11733
11785
24609
9471
28842
4562
13859
4218
6616
26430
13250
26285
28078
3677
5389
9584
9325
9402
27797
4300
12397
14109
25465
1939
9181
28638
1688
26156
14100
7223
14913
1681
24515
28314
7478
27401
11396
6068
5468
6570
6769
25144
1615
4544
8487
6414
11935
24382
9188
26492
25132
13663
3237
12372
24753
12863
24689
13445
27599
9307
25402
12258
26510
5184
7699
3730
4059
9743
1908
7163
25107
7777
26601
6228
5252
9814
9802
25195
3322
14213
12511
594
2655
13336
4451
13734
28596
11362
925
4584
12304
13839
615
7146
13763
11972
12273
5970
7350
14863
11266
25721
14417
162
12653
25218
6655
9635
14898
26538
1812
9837
25796
8033
14375
706
25575
25396
24812
3112
26970
11764
25864
1994
26994
9800
7386
26361
1392
9447
6169
9948
12462
1957
7718
9096
11858
12166
24856
1833
5983
24241
25698
27375
28858
27367
1719
12583
11232
12808
9665
10124
13083
14388
12563
14343
11183
28187
28535
8930
7375
27505
9102
5938
7467
4639
9816
26246
2159
1827
1972
27402
9996
13432
11749
14962
27916
835
12588
28449
11953
24712
14617
6481
25200
25713
25067
1415
7143
26515
14606
27917
8205
4713
24965
6653
28825
8925
12348
11921
2111
12986
1796
26673
26971
24888
7988
27884
25030
4709
531
5054
14222
27316
928
6538
28752
28206
9744
1697
6079
26219
28016
25327
6138
25073
12399
14825
4612
11327
26582
28335
25648
11446
9281
9148
13052
24935
6102
25759
14280
6612
1623
7980
6198
1298
6494
27497
1785
24520
12767
25094
5217
27763
8835
5998
26268
11820
580
25888
25876
26214
12339
12758
25762
12723
9376
8231
12649
27761
6946
24647
14203
28291
11939
24907
6120
836
7938
26762
25450
28496
28835
5943
25036
28045
3096
10475
12192
28780
7586
4663
12325
11343
9643
8207
1947
3615
28674
11698
26841
27433
8772
4583
27258
9718
6905
13092
28352
2059
28242
25054
5437
8928
26562
5377
5962
2800
9585
12591
12943
24455
4564
6472
27174
26129
4695
26266
8993
6041
25694
8465
14379
25886
3242
24445
27262
3135
9038
25742
25328
14351
25215
6252
9716
1682
25945
5964
4769
9283
465
25867
9824
28365
744
14281
26446
25154
26235
11262
725
13292
27516
28183
27368
3489
2605
5534
25296
25444
8018
6062
848
6670
9798
24401
27048
6349
27023
27156
9637
14896
12415
27587
13596
24859
12154
28805
3321
4667
3691
829
25298
14665
13060
1942
3264
25455
1414
9754
9609
27020
12814
25856
621
12308
28760
14834
3145
7400
2001
7098
1754
693
26433
509
3439
4704
14501
7492
25579
27796
27539
28048
25825
26487
14919
24438
13402
8252
14648
9048
9426
5191
25257
27540
9867
7692
11947
6293
24718
11646
2607
718
3122
3546
6111
5361
6251
424
2079
827
9640
1690
9551
7245
13940
26403
2571
9900
28190
796
24541
3225
13644
12522
26143
27362
9316
27895
14618
27096
13379
3330
7734
26045
7355
454
9166
9607
8500
2051
7611
6285
27923
9023
11331
28228
11288
12252
9709
795
26318
2073
9952
27291
28248
2151
25676
26124
11744
24499
26352
692
26593
5179
9550
27863
26166
24831
24939
28202
5077
9347
5465
8829
28476
13623
27542
13343
12530
8958
27551
27358
9025
24486
12995
13399
28610
11364
24903
12106
26230
7056
4105
2188
13814
4206
14230
5249
8484
967
25652
2619
8069
3430
28309
28779
11504
14944
26377
5206
25690
28195
7324
27592
7570
24625
28510
28328
26367
7551
26727
25381
13801
9807
6556
3694
10435
6167
24938
501
25141
11900
10091
1802
6174
12724
9535
12310
646
3907
26871
25868
24326
2032
11492
26085
1788
140
27914
14239
25128
6054
7953
6276
28751
12820
10039
28640
25588
3926
24922
26271
11610
14614
13815
26713
5201
28125
24767
9710
10078
26903
6203
25872
5402
28739
27288
4681
12298
28573
26840
13001
26627
4764
27679
9207
660
8094
11499
6419
555
28326
26385
5061
27463
11857
10074
7458
3097
11867
6900
28406
7150
613
25772
24703
24739
5355
24959
27445
1699
10009
11304
43
9820
7587
12046
6030
14598
28469
5156
13315
5146
9122
9819
740
3223
27682
27729
27213
11424
4533
7634
25235
26453
26976
4143
26278
9002
26545
25633
14373
12132
25042
14935
7723
13390
11354
8946
11520
2057
6104
2138
8055
27301
3667
12898
6042
26769
5961
7578
12374
9005
12779
582
4430
9638
28462
28657
14821
12595
27753
12654
61
13635
12293
11632
28369
25264
28743
4561
11863
14642
5493
26464
25246
12239
14827
33
6235
5487
6294
26485
7689
7525
27495
24639
4131
24805
28197
13147
25479
25849
13289
4096
25247
1938
4296
28795
26282
6112
5046
6898
13211
3509
7616
25130
1902
1898
27702
28073
27606
24952
3628
9499
7830
5497
25530
25357
27107
24818
25162
24754
6250
28290
11372
13364
24695
9473
27372
27019
27792
25892
753
1806
9404
13601
8950
27084
24443
6154
4558
6578
6119
26408
7184
27927
4094
25934
2127
26684
7629
9373
28837
25836
12121
6132
26536
7656
26294
12162
27123
6820
26522
6890
1391
9184
11993
11955
2209
8095
25275
25191
5397
5183
27252
9799
24521
27310
27922
26882
6123
14798
5180
13117
27058
13630
24566
13035
14965
5408
12769
24360
6273
3119
9510
7198
6329
9650
2335
1865
13872
28797
25490
13262
25006
25236
1886
11267
5314
14959
12527
9753
5937
11629
7405
28029
8970
804
26053
25811
14805
8815
14823
25164
24737
7299
9712
12083
25935
8239
27259
5958
26005
5556
12481
5341
12363
1921
11743
6019
9534
9108
25452
4272
11675
27990
24435
8937
1706
8825
28602
7755
13130
26122
12139
27832
691
9830
28420
12610
6767
5548
638
5545
12516
6465
4767
25715
27414
25371
5533
4072
24764
2806
14150
28347
11664
25100
24641
2737
487
14513
165
8135
14600
24908
5123
966
25258
28787
26537
2391
27924
26292
14958
27276
24975
26308
27628
8921
26339
3951
14380
5944
7660
27726
26745
26307
11852
11491
1744
27332
7384
27982
6684
14882
26364
8801
1446
14192
11788
8775
25226
9796
2113
6300
25035
14107
24836
24366
7867
27412
28154
12708
24605
4492
2162
24393
5968
28341
3207
26138
4315
6386
12082
14946
27519
26862
7199
6715
9812
25004
26405
27973
13547
24815
5747
7226
12322
9024
8856
28056
24551
8420
10083
28387
6186
572
9304
25988
9896
26211
24608
2651
3120
5288
12194
26440
13738
25300
25557
5106
27162
24387
24825
11829
13442
28463
9179
12860
12453
25481
25862
26357
5935
112
36
27744
566
12344
5387
25086
28069
9455
8060
193
4453
6088
3244
25505
1821
7076
5924
8004
13348
5113
2128
14923
25453
10442
10084
8964
715
1922
6291
13189
3492
25003
27907
26231
11323
8451
4201
13365
8414
13467
9466
9406
12819
4190
4481
25708
26695
25189
6795
7695
5442
25099
6477
12866
12887
26458
9343
27886
27151
8419
27303
13173
22
6072
1974
27209
28083
5347
1659
9051
12480
4217
5478
28255
25062
27171
3527
24248
25292
26806
26063
2131
3534
25082
13013
5178
24945
7402
11979
28281
2400
25645
26817
12067
24349
14349
11684
12696
2217
26280
1783
6418
27996
25540
24757
26427
12521
8967
446
6839
14787
25460
11230
6078
4195
6290
7500
2763
12235
12070
26444
13170
25582
26635
28652
26209
14773
11819
11927
7765
5126
27866
12785
6733
5244
28815
12292
28210
26400
26672
24410
7891
24973
9828
13643
2660
4416
26369
12299
13094
5956
14742
5035
9386
4732
5031
28579
25286
533
9983
5050
11648
9318
8501
11305
9040
12725
6164
7793
7574
14677
4134
11774
25808
3929
3411
27893
9368
12438
28620
9861
5042
7204
24992
27999
8787
8932
528
9173
25498
9715
8442
25929
26805
9687
25344
11708
1969
12283
25786
28841
14276
25558
1768
24513
9098
24898
3229
26316
24828
26241
25176
9909
26155
7950
7314
960
28484
12686
6883
27075
2294
12799
1779
11873
4135
4526
11466
11498
28276
27715
5216
28766
10024
8788
13497
3206
4754
25659
5405
24505
8918
5222
12523
24312
3126
12297
12151
8534
5509
5078
6641
27408
590
12597
14498
9759
24734
5364
11459
28455
1944
4672
9263
1905
9009
3923
28137
24245
5253
9066
27778
6412
24632
449
7489
27943
13724
11638
26110
26557
13378
7594
13185
28136
7430
27814
24724
28768
8533
9834
3818
7134
3333
26455
14543
13776
14731
12973
6388
9667
26451
13393
12243
12002
11812
11373
4318
5354
25992
9052
12309
11641
9877
12934
24279
9216
5537
5459
12614
26428
7779
12476
12225
5936
512
3263
9282
9134
25093
26089
25379
799
4034
4742
1359
3717
27957
7160
8012
12936
13392
24747
14945
6663
661
25143
6940
14800
11477
695
2602
26535
28023
11726
9101
25691
25906
8873
5310
27573
11229
27984
14195
12982
5171
11814
7889
27582
2005
26731
6021
24653
26012
595
1867
14927
6020
2317
28042
28131
2657
12837
27802
24368
7055
25814
386
27837
27813
1680
4741
7418
6677
8852
28062
27028
4618
11680
12678
4652
25477
7376
7408
4193
576
2570
27323
13049
26552
24526
4568
28772
880
4471
4739
24804
27202
27938
9264
7189
14759
9193
12894
14890
24978
12857
12607
14792
913
26372
27143
24857
26021
3436
9273
5267
25904
4109
26598
11679
9410
26395
1479
4781
3476
13244
26512
26450
7915
12385
27855
26130
4661
5268
5204
12236
28323
5560
25216
743
13829
2076
14776
6894
8945
28139
4437
1696
9701
7775
2406
26814
11502
3697
12116
27543
3342
13384
1991
28262
13600
11969
12384
28572
27109
25536
27218
26389
376
24412
9592
11885
921
2106
27487
9978
24342
14690
7618
24770
4303
8855
26286
4116
28690
24741
24599
11155
26493
14783
27383
8991
25037
6643
25841
12514
25549
28608
2046
559
6210
14749
9594
1873
25340
2318
12204
12929
12941
5221
28052
3530
26348
9151
3785
13765
3700
3101
653
12496
4758
25695
27758
26975
28778
2846
11546
26391
1937
4760
28619
26572
26094
27066
28531
9848
25953
970
27208
9801
72
26708
9954
11705
14602
669
12159
12015
24565
10063
12389
12922
6143
11460
1895
2590
7600
8832
26777
25823
5321
14621
13305
11795
25578
12619
6728
13641
26858
13742
4064
11772
13056
24559
25508
11704
13739
3939
5047
13097
9081
28732
14202
28051
24704
12629
9391
28047
523
27237
13629
9719
548
28162
24328
26747
13483
27915
9991
24716
4179
7312
6139
9438
25509
25763
3780
3210
12088
5122
25446
4743
7119
9494
13768
2153
14589
26819
26864
25504
12245
11447
7488
25295
7187
25522
2026
7766
9233
3701
7110
25877
2168
8913
2117
3381
24842
13684
13777
5724
25375
1343
13112
27188
659
28249
6346
8040
4744
12211
25670
24766
28666
6017
28744
26905
27462
13375
11860
27327
26397
9875
24793
2160
25600
3149
9463
7584
7209
24494
14512
1766
24687
26569
26376
27153
9542
11534
27806
7484
26785
11481
13040
9019
11395
25746
1816
7959
27608
24780
2152
9739
5446
24800
25202
7149
24785
28660
11891
24729
9623
28363
11271
12289
3164
7939
4623
4530
8920
984
4517
26471
5242
9839
1904
27668
24230
26642
24974
12442
6122
8860
25895
12748
12068
482
10033
28227
13843
13409
14114
651
26220
12537
25625
25681
4292
828
5082
2135
26076
28777
3147
25699
12472
4674
26171
28741
8976
7973
9070
13553
8961
4263
11903
12030
27475
13182
2761
2604
25220
7890
192
4245
28019
14652
28258
9884
12174
28552
28398
28237
1762
4642
4653
25341
14090
11273
24628
7671
6923
6384
5149
864
1432
13087
4614
25198
7917
12579
3375
757
5337
11765
1678
12224
25878
24990
27378
24478
13037
6271
9537
9441
27318
28089
24528
27338
5496
27352
12276
4747
8460
7824
5075
25701
14407
27193
27196
923
7627
619
2845
9171
12545
27962
4139
14496
26386
6131
26793
2323
13063
9380
13637
26746
549
12294
5125
9262
1968
4588
27760
9001
12326
28791
26851
11803
11493
12520
25210
14113
25113
28793
12809
2768
28694
24897
14419
6310
28170
14365
1981
24651
24887
12003
27157
24976
12806
25615
13504
27141
26611
27590
24777
12362
1465
24995
186
14473
943
25185
5040
24488
7139
14911
10031
9236
5477
4785
1764
25547
7456
12914
12467
5384
4129
26295
11509
25212
4140
1439
13766
11794
4664
4671
24263
28409
14228
24645
1879
9267
14908
27190
24736
7361
4479
27144
28803
1453
14408
25734
11589
27128
24380
26784
8003
12328
24418
2020
1738
28068
14605
4068
6619
553
12426
5996
12303
5289
11152
564
9083
25651
26133
27666
1752
24957
6184
27567
7359
11920
11161
5955
24966
4697
11879
13079
25352
2045
588
2212
24871
9634
27006
28708
8631
9705
13202
5931
28857
8933
5386
13269
26594
25085
5916
5144
4643
9488
7836
24633
12059
9844
8249
26986
24676
24696
26349
6315
7319
24826
1348
9630
1853
26106
25088
27651
9690
918
6208
28030
9239
12487
14636
11869
5915
597
721
28742
24711
8923
2844
24761
5073
12150
28181
12341
28426
5919
13030
5032
9686
25951
747
24283
4520
11884
9771
8791
27434
1712
26705
24459
26476
24896
974
26425
26290
2078
14869
2150
13854
9077
5071
11179
4090
24612
8906
13238
25706
3561
9489
25348
12793
926
24233
1781
8147
25406
27597
28756
738
26945
9493
11443
7491
607
12839
5991
26794
13249
26363
27846
27595
11992
3619
2049
1687
28149
13258
12398
26960
13309
896
8936
4702
14782
8888
14815
4482
24323
27121
448
26116
24833
5416
25089
12149
6275
24507
14949
13216
2053
27241
13224
25
27887
7084
1601
9770
9364
28432
9350
25603
28672
1782
26577
7821
14121
2722
24504
8490
1592
28413
8778
28160
28849
11714
3100
480
27261
11818
2784
713
27596
25339
28368
26982
9977
8886
9706
406
6067
9154
5989
13469
27161
24732
13618
26511
4123
11931
13093
25687
27482
9132
9382
25806
4237
26958
2016
13385
27476
13833
7251
28762
8284
1956
11335
128
14397
25020
12228
13841
28417
12104
25905
28642
27283
11482
27859
27546
3698
158
26215
6137
7747
27334
1707
11759
25949
4461
1983
1344
3254
27610
27819
24267
5313
2609
4717
25108
11339
9972
11180
6794
27455
24834
24350
14442
8834
27254
11990
9320
3681
11468
7650
9876
7566
27073
24652
2616
28224
778
14657
924
9462
9326
5114
27177
12296
26776
26475
11378
9049
25860
27939
27934
7140
28824
25391
7465
28361
25932
712
13207
6000
12524
7966
12706
24362
14593
12191
14507
685
7427
26920
6086
12788
26233
7941
27392
785
26099
9044
28746
8245
12200
24621
24668
14098
25640
27652
6475
12193
12300
13396
26077
13256
7193
3199
8479
27146
13125
26880
28295
27566
28377
5946
26186
26869
2310
6824
25751
6942
9033
568
25001
14917
7708
26409
2592
27125
27112
1637
708
27268
28600
24958
12500
24931
3400
13071
11793
8006
13219
5039
4755
25473
645
7548
11804
3418
4142
24577
12911
11833
26808
27267
7983
7577
25688
9549
10011
25451
4203
6617
26179
3257
6162
12831
24288
14895
7126
26719
24809
11721
12468
3913
13541
2254
4605
26466
24398
12503
2648
10015
14224
25890
26322
1899
12355
28722
13745
1789
25018
27178
25165
9838
25798
24502
12179
1746
60
5500
26079
12651
14638
14661
1807
14218
459
9760
9192
6069
5733
2805
8210
6318
6353
2641
3107
24878
25620
6149
13879
982
14452
3188
694
4073
4441
13535
28178
4634
27643
5167
4106
26617
26224
6223
26859
8430
12664
5995
12135
14640
27741
5128
28402
27308
4198
7626
26891
28055
4439
12094
28532
27639
10071
12152
1910
27656
14678
28591
8486
24527
5430
1704
3586
13842
24338
26930
9492
9915
2848
11496
11731
9008
5196
11519
12097
13275
13304
9078
8444
2336
25622
1352
4102
28771
25795
26359
6708
4070
6134
27486
14583
5213
9746
25330
13751
12800
122
2302
24305
26374
27552
803
1731
3133
11338
7010
6614
26098
1891
25023
8422
6980
12302
4429
26513
4460
27471
5913
1393
46
8971
28717
1794
12266
27530
26788
25109
10006
2387
7835
1395
24946
9131
12538
24972
26454
25755
1355
6621
14838
27522
9482
27355
24296
8916
6937
25408
681
24389
28830
13232
13243
5498
13196
11280
27173
3198
6109
14680
11490
26914
3424
27964
3173
28856
26168
1602
25472
27556
25947
11342
5344
6187
24536
14626
7354
28757
14607
24926
9388
4432
26525
13720
26590
28109
13227
28012
28283
13627
733
9671
8904
28218
12331
25177
7658
8805
4032
7716
4604
8243
7287
28712
28094
26097
26287
1772
9879
2617
7832
14819
26563
9204
28789
13806
3703
11428
3679
13129
450
28404
6022
2208
28244
12081
5325
11724
11877
25948
27456
11919
9030
1992
12486
6969
9091
1652
13015
8109
11417
28007
1336
6114
9298
9907
6056
28013
14858
27199
13881
806
711
5906
9620
683
26491
529
2120
14851
9378
1590
12197
5235
27247
12549
7487
11329
5072
25718
25827
28240
9227
26685
9472
11548
12515
6479
13019
5185
27432
1728
13005
2611
5145
7590
8895
877
7395
11784
26056
13474
1464
1790
24525
9292
27728
25291
24325
697
9825
24762
9362
24782
12237
13878
28538
9189
24666
28180
786
14371
541
3824
6013
9788
28322
7970
6823
9556
9995
6175
13245
28755
2047
12347
27619
27279
7091
4076
12720
27212
25586
9256
11872
11810
9199
24542
208
24840
14828
12422
25539
24437
3111
10436
8155
28843
4164
14673
25760
12265
6355
8874
7242
14416
9562
27807
24422
13293
4074
12353
9536
507
2028
26201
24866
6763
12553
3525
28747
25044
25171
9090
12761
5115
3429
2322
4063
26132
7933
24752
1748
2857
4204
25511
27137
6260
4748
9855
4685
5068
9742
12417
7709
14689
47
11913
7521
24489
1708
3171
26987
12054
11745
2083
25771
6173
26182
24300
4703
12114
7290
7528
25782
25614
26037
481
11792
2195
13875
25423
4720
14558
28199
12155
7896
10093
26147
11802
24861
8997
742
12469
1973
3498
28460
9769
5567
14937
8947
7750
24681
7255
14497
26202
12581
7479
7922
4
9847
12058
5224
14187
11452
26058
24518
27192
8926
8969
26467
5525
5277
1825
9696
26823
28296
4577
148
25765
6693
14916
7394
7685
12645
25022
11780
2255
633
13786
9240
5186
3481
671
26540
27685
24721
9127
12778
13807
27166
8841
4514
14585
634
6193
1703
7304
25438
24835
13029
14092
1354
9308
678
26025
7731
25434
9172
26414
26447
4213
5471
28338
9976
28399
3529
8842
27390
28093
26874
27430
12061
14816
24750
9933
3338
28117
24522
9016
6034
13864
532
28135
6317
25173
4759
27079
12291
13012
25388
14817
25950
6146
12718
1776
25663
1448
12184
13770
26946
14590
9904
6278
9504
28648
5953
25426
14672
5507
25384
28340
9383
2256
2397
24358
26703
7156
7987
13352
25917
6043
25657
24616
25049
25137
13624
1961
14637
25774
26469
28503
13740
27968
5988
12661
13333
11702
8462
25731
388
12744
6116
26707
5486
12816
26556
6152
28386
12031
14833
25321
976
12948
27197
11835
25017
25966
13769
12390
24730
25980
25544
25142
4608
12176
7568
7855
25909
4688
13790
7298
11359
14960
12501
24984
12013
12606
26002
4046
2039
26845
4079
4543
11313
24546
6613
9405
14674
13735
13199
8454
1760
24917
6935
1497
9485
12958
14111
1662
28697
1804
7630
6234
27786
4058
24906
456
24303
28729
12669
26606
3246
26693
14774
13339
26870
14200
4559
2801
11532
28724
25118
25060
1890
24679
2443
26240
9433
28459
28818
6093
2010
8879
14616
26341
8954
27072
5979
11651
5273
25405
26185
27657
25940
26265
28324
7838
24841
3181
12008
3491
4694
26906
24534
2008
14168
3224
2003
9829
8779
28168
11691
13357
28133
508
9558
12851
5727
13805
6328
9608
11782
9408
24617
28606
24580
25346
26856
6150
11593
9043
9293
8266
26443
26842
14955
904
12201
2526
11727
1872
1742
7136
4487
12807
3221
563
25830
894
25150
7058
3689
5975
13354
25217
28685
1842
13898
815
11918
7415
9899
9604
6333
9722
24710
26392
4581
142
27985
8867
1808
1774
7682
11839
25407
3157
14450
1919
552
14199
557
2610
9312
779
9149
7771
6650
26412
27266
12811
4715
25732
14217
10007
12387
9882
4212
26283
28185
24403
5036
5363
8200
24832
25172
25968
25989
2630
6032
26482
3591
26049
25664
14725
8071
2063
12930
608
26596
28485
37
14883
9774
7173
4509
26505
12913
7420
25672
2574
11822
6950
13861
13796
25002
14730
24364
5374
3522
8396
24928
1632
6130
3508
2649
3721
5307
3936
26942
25345
6177
14396
2401
1452
25927
24343
11188
8894
25829
9277
28005
777
4311
2048
4415
24320
12494
4316
12256
5132
11174
27676
4285
26872
6181
3559
6096
6727
5080
126
25387
11787
7989
9779
587
26981
11796
24715
9280
24313
25601
28419
6911
8870
9028
9797
3138
25824
26083
7593
13480
756
1951
13530
12999
28121
13761
27614
7928
447
27716
25016
24539
6311
25349
13253
12984
26899
13862
25803
7378
28529
25520
5400
5342
26046
27009
4504
439
26288
13880
1691
13821
28164
5893
28311
5136
536
25891
27580
25783
606
13070
5294
6497
13167
6356
24636
5540
2056
12047
750
4635
3390
27764
25548
24317
26962
12019
9124
11755
28801
4077
27594
13347
27593
27244
12049
12985
27588
13633
12813
7901
12338
545
25492
11283
11911
3398
11302
26892
6474
9153
13930
11640
9843
25644
7787
12998
7532
27015
4569
27129
12988
25081
28723
7181
26031
7054
8300
4091
12532
11909
7008
27784
24631
24819
9469
26740
5886
9003
27751
11976
13598
25899
9062
59
2483
25959
13255
25793
7365
27270
10130
7154
9087
11371
7057
28196
25515
9454
8045
12143
27214
28071
14781
11830
12558
25442
7865
24553
11437
12099
8220
26527
25720
27735
11483
6917
626
562
4691
24289
27003
26472
13034
2637
520
150
12854
14390
6811
11644
4775
27503
2263
6380
7257
7935
27686
8525
27589
802
13118
13358
14649
12652
9226
10086
27145
9695
9857
9693
4290
24684
24434
24290
13153
11324
13320
5558
25636
248
26028
5279
7192
24475
12701
4621
26095
28146
24477
27235
3227
27767
5566
14899
12562
9175
5994
25007
28270
25098
12048
13241
26620
14682
12343
27437
13302
3690
12536
24411
11478
12069
26550
27421
2219
24514
28798
28315
7696
915
6965
13114
27971
26075
28302
26529
25635
25065
6083
4682
26943
5095
7264
24529
9582
28141
26050
1980
11951
27852
13759
12603
5896
24846
25770
26086
27771
13443
25551
27234
3474
27711
28415
28221
729
13939
519
11605
14610
6344
12952
13179
27370
5330
26818
10061
7443
25741
24452
6076
1431
686
4776
12743
6425
24268
6196
5160
6561
11611
14644
39
9595
14914
26257
27554
27707
26255
13294
27909
25283
27811
6893
12215
7829
2569
14361
25973
12287
27136
25464
25638
8786
3501
526
13605
27330
9457
26542
12881
2597
4146
11730
27617
902
25521
1437
9621
5064
535
26463
26113
4089
791
27783
13414
12770
7560
27993
6409
8457
26033
3901
12368
24760
9994
26775
9905
28229
1692
9544
12618
24891
28678
25922
27175
8440
25678
12024
12000
8983
3712
13551
3189
6904
14367
13665
25642
4287
13215
14929
27861
11511
26739
9936
11531
6394
26170
2438
25282
9934
9768
805
616
9214
28008
27575
9487
7982
1892
4422
10035
9881
375
28037
5403
1476
27083
2134
27670
2314
5105
12667
1835
28075
1685
24789
3417
13482
26358
27180
11297
11915
27779
27504
14528
28692
25714
2576
610
11617
12786
11995
28614
28303
3475
5340
5942
9732
14748
5918
9548
11312
8016
1803
1442
7210
1614
9215
9344
11875
5904
2393
2163
14884
26119
8382
3550
27464
4101
920
6262
26524
27460
6044
4751
11558
5976
27585
9723
3380
6577
13493
25484
11172
9321
41
14586
26019
9826
24332
2081
3764
1434
4641
9703
8395
6188
25733
13095
26646
4659
780
7868
24756
12232
13434
12954
25580
27366
26636
6941
1739
2211
3141
4753
7681
14854
26304
25487
13707
14953
25871
28225
11828
11563
10030
9370
13131
26641
4622
3526
7703
24334
24820
4243
2133
24258
24662
28234
8450
26771
27269
922
11893
14342
9598
26521
27274
14875
14926
25802
8831
24353
25661
9375
11678
3484
8062
14866
14503
24663
5458
14803
13899
9403
9079
1791
11985
9039
24829
24372
5557
26779
6354
2642
26136
12342
24472
28113
27905
6035
9672
9123
1624
27032
2560
9989
14771
25722
2595
27740
26559
12085
24593
27827
573
24991
5233
25310
7675
25032
27090
5315
11270
25780
560
171
7174
11677
7694
9497
5413
724
14963
5469
26015
25894
14210
14961
7151
14219
9508
12381
25156
28655
6483
9011
6024
26411
27777
25180
24352
26226
28416
11716
24615
25764
12768
11559
589
12766
5346
7377
26073
6411
28634
2644
5401
9914
10005
6623
2645
12575
27660
7211
720
11870
13732
24688
5399
12062
26560
27449
4712
26910
4456
12755
9878
2561
25066
12909
27785
14755
3106
11522
25322
2199
3325
28119
12590
26723
14404
5546
12542
28388
10019
11747
7599
5352
11328
50
28009
13204
5139
9305
12100
8459
24316
27847
5168
1809
24355
12028
26159
6792
5092
2304
7013
11527
12045
9289
25994
4506
12096
25319
24927
1813
3378
12474
538
3192
29
26062
1998
6145
4784
25543
25838
12903
24409
5371
2822
11926
5947
9367
26459
11690
12507
7773
27138
24568
12118
25883
27207
25424
6713
13838
12405
14608
598
13017
12042
27800
6392
8941
26993
13300
1429
6322
12726
12034
14370
2421
9057
3252
25302
1834
12771
12268
3596
9858
27097
10085
24394
27336
27667
3431
13927
28392
25121
6103
3612
9794
27683
675
184
26811
12169
27333
27124
27844
13473
1642
28189
2220
3779
24949
28353
28499
7325
2563
12940
24919
5982
6040
9935
24578
7352
26239
8535
24794
24613
12356
6914
12137
26826
27226
3754
6327
7932
6194
1878
1871
26909
27500
8794
5490
5967
11137
28627
6360
6528
24875
4676
27215
13018
14631
25852
8911
6094
12506
26894
7995
24773
4442
7024
9458
5941
25351
2077
24847
27850
2650
1718
680
14274
5933
26503
8836
27669
12647
6003
27473
11497
27379
28688
14372
583
14639
7407
27853
28654
648
569
8975
14326
26365
24314
28289
5062
6025
3396
8213
3116
11776
3121
28827
7141
9486
25232
5298
12183
2316
5945
26195
12340
9942
26530
13468
24264
5208
3949
6247
27217
26236
6933
7481
26939
8461
9095
11461
13306
26666
9950
5069
12643
8876
12792
26497
13051
7235
10000
25529
9246
12705
1880
6919
26351
961
14794
13588
12218
24487
27941
25151
25964
6002
12006
3088
4725
26501
4678
26807
26238
5129
24571
8453
28546
14664
24385
28728
25146
14440
6948
1987
13741
8822
25605
28082
8770
26733
5444
25031
6263
26319
12528
28786
1896
9649
2139
8169
13059
26272
8052
28130
9317
3232
13470
1819
27403
26605
6601
25251
6259
8953
5360
14446
25532
13419
25656
24640
1958
27465
9295
28547
52
5973
5929
8061
26660
12233
3850
9168
28745
11445
12092
2659
24882
12163
12404
8157
26328
5390
28836
5922
24858
28586
27228
2532
26154
9328
26579
28718
14867
12889
24694
26404
7161
26237
27725
26027
682
2182
6129
27942
25665
27111
26931
7672
25272
12445
25797
5322
28143
7079
9229
5226
25355
1729
11544
3904
13033
12115
7963
13368
11892
554
28574
6652
25025
26683
27397
12009
25440
28157
26599
7048
14831
27512
27424
3159
24273
4772
321
28439
6050
6070
10075
26413
11887
5038
27509
28389
2663
11902
26432
25206
26177
5388
26699
13326
7047
24941
7078
11269
4734
26655
27396
7195
9755
781
26832
7852
27645
1888
8875
2439
5223
27641
7971
10068
28222
26325
13139
25632
11854
11319
11925
8059
26034
2012
1441
1727
9146
5903
14969
7680
727
3386
25366
9557
7279
12605
11615
3163
26647
27581
9913
1881
5230
12801
3478
27256
7012
28376
8025
26070
12066
24843
27689
17
6335
2218
28684
9309
27459
27172
11289
12531
26213
3915
6705
1929
6943
7272
4553
24584
27326
3158
25804
24278
9255
28058
26141
8263
5717
7086
11783
8896
12670
28662
24623
28446
1795
26671
26151
14762
14920
27816
8903
25399
12345
24483
26795
6648
1977
5359
28629
25430
25592
3575
4066
27618
7035
1932
9892
11614
28758
12376
4542
26674
25563
3620
2559
4289
9588
8995
12312
2858
24868
4468
2116
7309
24601
4572
5127
2730
27381
14534
571
27877
25943
12577
25673
9037
26876
6095
27690
28356
13323
1416
8041
1900
9930
24509
12447
11296
8881
11314
12548
5501
6313
26792
24900
1767
12539
2041
6781
25199
24329
5952
28203
8848
26445
12833
1797
6395
7049
26956
2658
2493
26822
2183
26787
25248
635
24713
27700
25069
25273
10101
27005
12182
7565
9297
28466
12227
28563
12828
25507
2766
3496
9303
3699
27078
6401
6828
27932
28727
28464
13066
8776
10038
12231
28253
7621
14806
1851
14872
25168
12226
13515
25428
28551
4472
6304
3394
25208
26897
28243
13513
24642
12123
3822
6520
25317
11279
24465
3197
27114
13252
13947
3532
6361
27629
9589
1394
11728
5463
24969
11148
26406
5173
13149
27356
28205
24852
14241
14275
24775
7256
27018
8101
2624
9632
12314
25954
14713
26173
26875
25014
544
26149
27876
7113
11191
4698
14790
13591
25083
25913
6590
6762
6165
9055
14393
4673
11351
27808
12727
28383
27377
7274
27304
6381
793
15
7930
28367
9290
14892
27774
5554
11987
27324
1883
26291
11661
25724
6688
12796
9418
25378
12186
28081
9911
8902
13287
25700
27363
24778
28357
26709
27604
25096
5134
24649
7306
26329
4234
12855
11600
3419
25320
2582
27478
27224
7291
28337
28285
12722
8887
27885
5449
12178
12859
14818
26051
7800
7398
24468
5271
2349
13266
11827
5532
6368
25280
25057
9714
24498
1814
24251
797
1897
9908
26424
3438
12434
551
3470
27350
27176
7241
13342
27517
12439
9115
25263
27168
27240
26932
26442
11226
4227
25266
2157
28
6001
26532
9639
3265
14611
1997
539
5234
12780
7612
7401
11770
6818
9677
27091
5974
11143
5379
13301
10099
3104
25916
25256
493
2720
27772
9617
3230
26925
9697
7799
14745
26421
3414
11637
9600
7977
3175
9500
3260
515
7357
26274
11659
3422
24429
12765
5219
5510
24999
5163
25778
7486
1714
987
28823
7797
13410
24771
5109
13388
7892
8271
7517
12394
9430
27937
4779
3131
28208
3524
26038
26061
25679
6774
26354
2472
13334
7250
8957
28401
26957
5980
1778
14325
24814
2065
26334
1903
24292
24727
3769
25598
4098
9251
2058
14201
25712
2618
12060
26952
26390
4044
12383
12219
28594
24700
11823
8988
8803
5472
11190
7962
26183
25597
25028
27438
25179
28381
28022
24827
27849
2230
12041
2031
6913
24867
25662
14660
25494
26752
26142
25369
26544
13032
4750
755
7358
24600
28706
14751
25441
28272
6925
40
707
5246
27116
24512
12185
26148
25596
12440
2782
27102
13160
11387
24669
12888
4778
13570
2852
9059
14559
13260
28754
4700
2320
27185
27533
11981
6140
7014
24923
504
9075
25843
27528
26259
9842
26576
27134
25911
27257
12126
25447
12703
1654
13523
27385
5247
6656
24407
26273
25832
11321
27498
14796
9007
27484
28500
24464
25435
191
1299
8423
13561
26912
8180
5197
2181
26072
8434
5435
7105
14925
25105
27127
25304
2769
13078
28167
9371
4515
24299
25898
7457
7914
5339
5207
27450
25476
27245
27069
8861
27708
4418
6565
26120
13337
9346
26024
14529
11369
27275
14411
12570
11800
11386
24699
8121
8985
5285
28774
5543
2771
286
674
7044
2303
12510
7759
7045
26438
26436
13794
1733
28422
28826
9143
3161
5960
27899
10100
7351
14449
25559
28506
26121
9324
28566
26738
26718
25318
9528
12412
5553
2791
27089
11970
12935
5474
9787
24474
6788
4687
25469
14647
26248
24989
5491
12012
592
4551
27672
7873
10102
6560
27880
7714
27429
27409
5049
11147
14812
6082
5438
13251
12430
13057
26338
6869
12220
9319
9200
11672
24333
12455
2600
9539
26549
927
24286
28032
1725
25956
26743
8425
25429
237
6789
9365
13866
25723
7282
4683
12477
3113
25920
6430
444
24424
27662
5420
5436
7366
27070
25556
13587
11658
4313
3817
13161
28313
14278
13747
9190
12750
13054
5382
28809
11901
11181
1882
7585
25427
11392
26126
8994
2440
6215
170
5467
461
492
6701
6955
5552
27491
3259
9740
2546
14941
3191
25400
27747
26260
26765
9929
26604
24950
3143
26954
27205
25374
28495
4278
28513
9601
2441
5492
27203
27311
11525
8979
7302
13163
12803
11723
25254
7031
5248
1445
27236
28382
11917
9922
12574
27255
26664
10002
13233
27120
4624
27508
3132
28507
9793
28191
12244
3236
11475
26629
2765
26652
496
11994
13655
8943
6280
249
14666
26398
8002
8309
7556
12432
13318
4061
24848
28264
25364
14887
12655
24624
7
28828
9932
1855
7316
6374
14623
25390
13760
14861
27080
483
6939
11444
26873
12681
26468
26439
9467
584
27169
26457
9626
27479
6047
14837
5356
11375
24330
26847
24480
1698
24811
5499
12378
11831
3499
11344
9117
5409
5547
6771
9141
1770
2197
24758
876
26966
9341
11760
6292
12791
24643
49
27918
27103
14392
8043
12673
3151
26821
11293
767
12257
9017
25611
8279
28534
6267
1631
7289
8086
26554
2613
13446
26985
25822
1765
12212
1976
13108
25335
27159
28489
7994
14206
9689
3716
4657
28063
9006
25197
27001
24675
2634
13328
4457
4083
11285
2465
2849
7153
27894
8280
26781
8630
4496
12456
737
8074
9859
25463
8820
27050
6157
632
26600
11365
1756
4669
28470
5319
942
27271
1934
27817
7605
575
25383
5503
24619
28740
12354
11861
5985
7813
12753
24561
25671
14138
7515
24497
13527
11393
9035
13101
11762
421
4527
8035
6036
9145
687
6052
26247
27981
26688
9424
28612
5284
640
27052
12395
9676
28217
9235
9279
12352
26543
696
11841
12051
26330
1450
782
13247
27179
14354
9730
4556
5421
27998
9699
7946
12601
11936
26221
6370
8190
27935
25249
26496
12932
5165
1960
769
3696
3917
6367
7979
1358
12457
25937
24630
6646
3146
8890
25196
7074
3404
9691
27723
4235
9724
1749
8143
13772
9939
24905
8503
27231
26749
5232
9850
28673
5373
27039
28108
28522
8893
7866
7322
27115
24772
7389
9322
14240
12631
26297
25846
3118
13422
24983
5396
27989
751
5278
26831
11348
3320
24249
24944
13478
3261
13802
5473
25312
25915
13785
11523
25493
4501
25285
26197
13391
4444
10127
3713
26370
27780
14676
9475
13296
14930
13617
6400
6944
726
14933
25981
28605
3611
7385
4766
24849
6006
11287
28114
6101
27
9979
14415
27349
12026
411
12923
6090
6207
12915
25061
11516
25480
7155
12602
25370
2585
24877
6647
577
24813
28391
24466
26026
26927
12454
6319
24786
42
10025
27793
25181
3680
13316
27388
25436
14814
25939
25831
6341
7428
24692
5181
3912
14829
6085
971
12290
26382
7984
27955
4656
9975
657
12403
9349
13036
27335
12319
27085
13764
24920
25874
25401
13321
12613
739
9276
28090
26128
11845
28635
3621
124
975
12216
11786
26163
11940
9157
27828
525
13830
7902
25284
24275
13240
27688
11757
11603
1613
7683
3777
9628
24779
26074
9120
732
513
12742
10060
24733
24879
26978
5406
1342
26923
5287
5425
25730
11850
12992
2216
10003
25395
6371
28748
3945
4500
9894
1705
8000
11946
7275
24654
9928
11277
9104
4293
24726
6039
3903
4199
1711
2072
9781
27640
11779
6282
25097
24677
28284
25167
26997
13430
24473
2735
8840
728
26506
28105
12541
11513
8297
27713
28501
27062
5345
9069
12672
28847
4449
13718
28156
12478
25991
28099
1695
3393
5450
2319
463
27835
11381
585
7712
7801
4467
2050
8909
24576
27404
9818
4372
4547
28486
28038
7090
12759
7393
9394
5544
25767
25594
7380
3914
25658
24980
12087
9209
4417
24276
26633
27413
24749
3137
6793
13845
3714
28209
26702
27201
6673
1925
6266
25896
6065
28064
10064
2627
25788
6099
5333
27313
11591
9084
11326
7206
7919
8828
9763
27466
2187
7698
2068
27557
7406
9422
11385
25359
25244
28320
26060
4788
14836
3256
9086
27325
14651
2444
26245
8528
24961
13102
8816
4240
1438
12435
25608
26659
26757
1810
11144
14707
6332
27038
9804
25418
6607
25250
8098
6359
5899
12535
26489
26857
13488
3928
27302
11856
25531
6231
13143
24708
7961
25193
5295
26571
26979
28074
27678
9698
27586
7876
5971
2403
4459
13374
6027
4465
9152
27317
11500
6012
2042
26860
7423
2525
1338
12138
3238
27638
25996
1722
1874
11356
3162
24441
26227
27701
28595
9552
4718
2334
25337
27910
13053
12554
9683
7614
14279
28018
27477
699
12127
14469
3710
10464
28622
25528
2189
9553
8030
1909
26790
6155
6420
4571
28096
12437
24421
1805
9119
8110
12596
27822
28433
27165
24913
4524
1777
6642
11914
8093
5517
4211
25655
27680
27077
12369
9010
1815
11430
27513
3170
25776
13795
9094
25768
14613
5269
12544
25138
7877
11642
12627
5329
28428
6886
25491
12142
9611
26650
13277
5407
12745
28147
26206
12600
6698
2589
5070
2856
8008
12250
14757
13317
14627
27860
12827
9949
2062
28679
6274
9201
7460
27135
13543
6581
5189
26477
12920
4701
4548
9627
11390
3317
11275
13882
7609
6906
9313
25865
8466
8172
1869
6482
11189
8951
14364
4241
12977
3778
28831
24550
28379
24862
6125
13674
11888
1826
5718
4455
28346
26648
25277
9919
5986
26340
28213
24439
6726
3092
27183
25071
11948
24602
9810
9920
4578
7278
6752
1935
26567
6270
5055
4606
7851
26071
25649
12525
2636
9041
11451
5108
13936
25331
27665
1866
24239
27098
9811
4214
11488
4679
12691
4534
790
26516
24755
2017
25482
24885
4495
8844
12546
6782
5187
12648
3168
25290
27856
6331
1911
13322
12578
13506
27092
25527
24655
13158
3190
12333
25933
4414
12728
25170
13361
25214
14857
24388
25997
673
7700
13314
25279
11187
2770
25443
26809
27410
12566
9074
26047
28442
11341
7471
25297
13395
14391
12543
27525
5205
13270
25431
27339
684
2036
2176
13676
11506
2185
11805
25944
1683
27346
9034
26565
13307
27119
9253
2796
8427
7603
1948
27801
13900
12697
5479
26229
12830
570
433
1811
8015
11809
4511
10105
1750
8472
6190
27342
7270
28767
27016
6240
6182
11299
2109
11630
3377
6326
25840
28238
7237
28584
8355
7470
27748
1954
5318
8058
11980
12064
4613
5720
6903
5817
6009
26375
28333
26092
12572
6582
1885
4680
3504
28317
25294
5392
4722
4038
5466
8823
6195
26242
27053
25889
27578
5076
28132
27891
3150
146
27309
28576
11449
11590
27029
26546
6073
6098
27480
28683
13325
2006
25839
24873
5111
956
24570
27130
7607
24417
28567
27398
7720
4590
14891
27282
518
9692
24440
11656
6382
24425
973
28765
25153
25187
27149
24493
4192
12489
6945
27492
511
2568
8952
8914
503
24572
6316
26741
643
27305
12942
12177
980
27742
14537
28730
26279
9439
7511
141
7710
13481
5255
940
25056
27693
11890
9029
25058
14845
12529
9012
7924
14888
14909
1950
11989
527
157
8782
2126
13264
13673
3130
24284
13800
6408
11337
24784
9953
2027
6366
14220
28682
13754
5302
26980
11750
4574
1657
6947
27082
5257
5138
14971
12071
14943
28617
27598
26526
14194
13834
8850
11746
26628
25419
13893
11950
5376
9673
28590
25914
27250
12795
3927
6350
2064
9097
759
1859
6417
426
180
27829
25704
1626
12845
419
13254
28028
8184
543
26770
7441
13917
3253
13090
24956
25607
12168
9393
28511
26865
9792
1651
2755
9678
25785
524
26566
14722
9864
7219
187
3331
27364
5200
2588
14355
7888
11717
5051
28182
6981
27994
6651
25863
11982
25810
25736
540
4427
604
601
13000
4633
75
26096
9545
2667
28734
26801
3799
27705
12687
27093
27154
11291
8257
25084
5950
6707
25901
26378
5930
2575
26580
6423
7043
5419
12592
9514
3702
27873
7303
7530
14729
3521
27427
3243
12202
9726
1982
3711
9116
7266
12098
8966
8262
9261
24535
4205
9651
11991
28271
1735
27211
26661
27086
26234
9833
26651
10047
24523
14717
12170
6473
600
24269
12172
11838
28294
13152
11789
26042
6529
26314
14383
25919
25188
14208
14655
25711
26207
28336
28735
3482
13901
9931
28763
27380
14679
12709
5890
12057
25963
2851
24845
24408
3360
25114
5948
11797
11874
26774
12864
25360
9749
13229
9058
6110
7986
12465
7125
1928
13857
664
2040
9728
27022
6045
25705
24610
1694
5561
24954
27447
8843
12969
25634
5264
25183
24673
24661
25468
26208
25380
4518
25316
13218
11959
24450
12391
10092
11485
4104
10021
4056
27040
25845
6121
24574
1300
4686
26632
24693
5440
4502
11667
12569
13280
26490
9507
25041
2055
136
8258
64
6709
26277
27167
5067
3617
1918
26284
27163
24678
1353
28773
14947
8771
12463
7526
26300
25647
13230
9596
14525
6071
12790
9431
25985
5990
7859
26924
14196
25135
11151
173
27568
25033
14865
27485
25646
11336
27319
24799
5110
11284
9912
14363
13938
4478
5398
25478
7396
6127
9294
25372
5530
6306
6261
8938
159
25777
25486
4719
13421
12017
14675
26360
25983
25070
27754
11944
9679
11712
3536
3661
12893
5920
6087
12868
4626
26064
7704
4665
6523
13408
26371
6476
9088
12084
11988
24337
25855
7180
13208
28853
13544
25924
6664
27548
28587
12975
12540
27340
8298
2552
385
24454
3623
7493
27954
2110
1648
14345
11866
11322
25987
7474
6037
27820
4219
2167
4539
12367
8247
25581
6055
25902
1784
6217
25692
9060
13231
7371
6081
6279
4284
26416
27232
1743
25253
6362
28582
7138
28569
7353
8944
3258
14120
4270
12377
13248
7955
2553
1644
27677
28514
5480
2295
2035
6665
28790
26804
12777
3614
28142
26796
28163
637
13822
6928
11768
7447
1480
11541
25101
8878
14862
4088
655
26853
169
25807
9067
12821
24796
3392
25342
26480
5508
12043
768
26184
25211
12334
26040
28306
14532
12950
11738
4196
12164
25080
9208
731
3310
11389
27600
5256
7318
13428
26431
5303
11358
24460
6221
26323
5969
24916
5147
25076
12847
7360
24881
25353
25574
6216
7533
6178
11535
9243
6312
11636
14728
11528
25047
4693
3848
27027
9210
13436
14535
28039
3624
14801
24808
14653
24585
12321
11808
24607
9717
12128
24685
12604
5431
28681
25051
5297
12760
2855
25930
6765
25338
25497
9301
9901
5535
11505
5243
9526
2785
25923
26518
474
676
12517
14683
25725
702
24646
26585
749
25140
537
26336
7177
24461
13440
5529
8049
9731
28151
11777
2330
495
4589
7809
602
8436
26066
12320
12393
7945
26261
9412
24765
25358
522
25639
8845
6551
11758
3127
24937
25012
644
24381
4210
27562
5570
11851
12493
12278
11150
24648
2143
6825
25305
5898
6816
7925
11380
13046
28020
7040
27997
25813
27991
27405
2664
9020
2745
24997
27759
28282
7757
11182
9259
7239
6772
7300
27555
5921
2014
6480
11501
13324
11699
9125
25738
4103
12112
2193
3477
9988
12815
28305
12573
11316
968
11929
8792
8868
7308
12783
11311
11495
8235
24622
24872
26926
27049
27620
4209
26396
11928
27292
26588
11379
25389
6222
62
8358
12074
4512
24783
9136
25628
3678
28800
27987
9440
12919
12055
12990
14940
24823
24994
12396
5495
9809
788
188
24567
7687
28373
25005
494
12996
24519
1656
14966
2375
5103
8302
24322
27044
27122
1931
27150
11999
13191
25474
12832
27607
3776
25011
5254
650
25680
5954
27841
25228
11844
24243
26373
14381
14603
717
26995
27337
28603
5927
26983
27703
24517
3562
26999
28816
12662
26712
25287
879
27158
11735
2665
13632
28671
27472
7870
4062
5972
25854
13767
28172
14650
4489
5563
1428
26125
28716
1753
11894
1877
6740
28318
914
26337
25583
14221
4632
14625
28097
6397
9778
14726
27553
969
6524
26863
2184
11318
25958
9248
5483
6399
27382
27776
26410
5090
3516
12153
26115
11556
1863
24587
2372
596
5928
8939
3440
28403
12079
27152
25119
11811
6305
13844
27637
3693
2583
4787
25326
5236
25784
7869
24588
709
7788
13027
28040
8962
11662
24532
24589
26139
13749
6200
2037
5506
8790
9624
25278
11423
9721
12757
12444
26734
7339
24803
8872
1999
11965
6018
4707
1818
2661
28592
5065
9921
6074
14784
688
13285
26190
8942
9680
3668
14587
5350
12165
5209
14830
6066
4790
9427
13418
24367
8301
5079
27187
1693
26615
135
26730
4279
25489
26001
14096
5482
9285
3412
9232
28658
25347
4535
25569
6089
24537
6204
27035
11706
12036
12086
24933
3720
2019
3134
1837
13885
25907
25242
8859
656
9092
10478
14718
3950
9206
28785
14788
4265
8283
4752
1674
13025
5099
775
25425
13246
9138
5914
977
9822
24294
26700
12464
27904
2390
24482
207
467
4746
26135
24955
3469
25666
8968
6410
28549
13638
12865
11138
4085
25686
7608
9106
9734
12916
2402
9622
9856
13209
27002
3964
27510
10040
27140
13783
14588
24456
12364
422
27345
9633
5999
14897
27986
26621
9775
27297
28107
1824
9750
24481
4097
24844
11540
5977
8376
12609
26350
24361
26848
9068
4464
26303
8814
25308
28198
11620
24962
25157
28487
11282
12964
12351
27253
25470
7218
13371
28451
12262
27611
4099
1995
26759
13164
3770
24626
24538
5997
12960
9014
13477
28166
4286
28812
8891
761
9182
9302
27799
7455
25363
24603
2161
28769
26711
9559
25301
7362
25591
24319
4603
9868
3233
24620
11799
28054
25227
7573
25367
28241
10095
7464
6949
6478
26802
5424
13372
617
25564
27489
14804
1676
1889
9176
11264
9941
7387
1870
3304
9836
9384
11357
27933
26333
24531
26176
5457
26264
26735
14352
14225
6398
25362
407
8912
6158
1436
14727
2007
7157
13677
6297
4513
9993
8789
25835
12346
24936
14387
3319
2136
12802
28839
9156
24306
24281
24751
26881
12593
28017
14216
9479
7285
8493
14849
574
28076
6053
